100
0.97 7 1.2 8.16 1.78 6.41 6.85 6.05 7.71 9.64 7.57 4.54 2.98 5.33 2.86 4.04 8.2 3.51 6.4 5.44 5.17 0.17 3.82 6.02 1.1 2.41 8.12 0.99 8.96 4.53 7.83 8.6 5.83 2.52 8.62 5.71 9.76 7.06 5.73 2.92 0.030 3.42 4.19 7.84 8.85 0.15 1.63 3.14 6.95 5.25 8.17 9.55 0.13 5.44 7.51 4 1.25 6.55 8.91 9.04 0.19 6.58 8.96 2.65 0.54 7.98 3.12 1.12 2.62 6.23 4.96 7.96 0.43 3.48 6.6 9.31 7.49 6.08 7.28 5.87 3.09 1.48 9.79 9.83 6 1.49 7.77 1.65 4.18 6.03 7.96 8.64 9.49 9.45 4.02 5.57 0.35 1.27 8 5.24
8.19 6.39 9.4 8.8 6.63 3.29 4.03 3.88 0.43 0.43 4.18 4.28 4.25 2.8 8.28 1.8 6.25 2.88 8.88 7.03 3.27 8.96 5.68 7.9 4.38 6.85 0.85 7.35 4.83 3.81 5.67 6.78 5.87 0.37 4.64 3.36 1.08 0.060 9.5 1.34 6.41 8.4 1.28 6.24 2.56 4.71 9.71 0.77 5.16 9.45 4.51 4.45 2.3 4.11 0.10 3.26 6.18 9.16 0.34 6.05 2.03 5.29 8.88 6.78 8.44 9.87 6.47 2.14 8.94 6.89 3.14 2.73 4.02 7.74 2.19 6.37 4.2 2.34 0.20 2.28 0.86 4.86 5.19 5.19 1.33 1.85 4.31 6.59 1.11 8.63 0.74 2.11 2.08 2.18 7.31 8.35 2.28 9.26 9.03 3.64
8.18 0.34 6.46 9.89 3.31 6.54 9.83 1.43 3.79 9.73 9.72 9.67 1.2 9.47 1.91 9.69 7.39 9.28 1.99 9.57 6.62 5.16 8.88 8 2.81 8.4 5.32 6.38 4.43 9.26 8.12 8.06 9.26 4.73 5.71 9.58 1.79 7.83 2.57 6.73 8.04 9.83 6.55 8.26 9.1 8.87 5.98 7.92 5.43 9.89 8.07 4.57 2.64 9.01 4.77 5.56 3.56 4.34 8.4 9.27 4.7 8.26 3.94 7.94 5.95 4.37 4.34 0.37 9.73 2.97 3.24 2.84 5.96 2.86 0.82 0.48 7.38 1.43 5.84 7.85 8.77 0.72 5.08 3.49 1.16 6.46 6.22 2.56 5.53 6.76 9.93 5.07 4.9 7.54 9.56 1.07 9.07 0.060 3.13 4.35
7.23 0.69 4.8 0.010 8.99 7.5 4.03 0.26 7.05 1.9 9.88 6.21 4.96 9.07 4.43 4.08 8.06 0.52 3.96 4.45 1.18 5.45 8.43 0.50 9.86 9.71 8.01 0.74 3.12 7.41 5.77 5.32 5.76 6.46 6.96 4.4 7.47 9.27 9.9 2.03 2.46 6.27 8.64 0.36 8.95 1.15 2.41 3.66 8.09 4.1 7.91 6 5.12 0.57 2.51 2.96 3.63 2.9 5.08 1.17 3.79 9.63 6.76 6.82 6.92 3.45 1.03 4.45 9.95 5.72 9.1 7.18 9.2 8.25 4.68 6.99 6.87 5.31 9.21 2.88 5.91 7.88 3.26 9.83 4.42 8.57 2.8 1.58 1.12 7.85 7.77 4.26 4.45 5.2 8.79 2.57 8.69 1.87 2.82 6.88
1.5 3.2 6.4 8.66 1.19 5.84 6.21 4.22 7.3 6.68 8.65 6.96 7.07 3.93 3.94 8.45 0.68 5.93 9.93 0.86 1.48 6.07 8.99 2.84 6.09 2.16 7.39 1.21 0.56 7.38 9.45 9.56 0.10 2.79 9.61 6.02 0.50 0.090 3.5 8.69 0.65 1.82 2.75 4.06 3.99 4.43 0.71 5.86 7.94 3.72 2.83 8.43 2.16 4.44 3.08 3.67 0.69 6.32 1.14 3.41 3.41 3.14 2.53 6.51 6.48 0.49 2.37 3.27 3.47 3.17 4.51 1.85 2.94 1.74 7.29 2.58 9.56 9.31 0.92 9.25 3.04 3.94 1.98 9.93 2.72 8.54 4.79 2.77 2.37 5.37 0.080 2.4 8.21 7.61 6.1 0.55 5.83 3.25 0.070 2.27
6.6 5.31 5.45 6.13 9.89 7.41 1.55 1.85 2.25 5.87 3.89 7.21 2.44 0.25 8.27 6.16 9.51 1.63 4.03 0.58 0.20 7.61 9.4 6.54 2.54 7.61 1.42 9.82 7.54 9.47 8.72 0.67 8.1 5.18 5.47 7.21 0.72 8.25 2.09 7.52 2.64 1.24 8.41 2.5 6.26 6.6 3.01 1.84 5.02 2.27 0.69 0.32 3.47 5.38 9.67 3.5 8.68 2.96 4.91 0.37 0.64 7.98 9.5 2.38 6.24 2.26 9.72 2.88 2.93 8.1 7.49 8.34 5.46 8.64 6.14 6.91 3.08 6.17 5.55 2.99 1.69 2.37 8.63 8.97 9.45 4.95 3.15 2.99 1.39 0.050 8.89 7.58 0.18 8.81 9.68 6.57 5.61 0.51 4.96 9.8
5.19 6.55 6.48 9.9 5.4 2.35 3.82 7.26 2.7 6.76 4.55 3.47 7.86 6.72 6.77 3.77 4.98 8.39 6.59 6.3 9.65 8.56 8.16 4.9 1.33 5.85 4.38 4.97 1.32 5.11 5.08 5.42 6.09 2.46 6.37 6.79 4.9 7.68 6.66 4.2 1.03 5.8 0.71 4.81 5.68 2.95 8.14 0.77 2.77 4.47 0.55 1.88 7.48 1.35 2.09 6.31 4.58 6.23 6 5.39 7.62 2.86 6.25 4.78 9.54 5.82 6.99 4.97 1.88 3.66 1.86 1.7 7.82 9.27 9.01 3.64 3.43 6.9 9.31 5.37 3.4 0.81 2.68 7.42 5.17 7.81 8.28 0.060 3.29 1.99 8.65 7.92 7.89 2.38 6.35 2.78 0.020 1.45 9.89 9.76
9.73 4.08 5.44 5.28 7.07 7.35 1.62 3.71 6.74 3.62 2.47 5.17 0.75 8.38 2.08 8.78 7.56 1.68 9.02 7.97 9.71 3.83 0.020 9.73 5.46 4.03 3.51 0.23 3.56 7.92 7.89 2.82 4.8 2.98 5.71 2.13 8.5 9.98 9.74 0.010 4.84 3.29 3.79 8.81 8.95 9.51 0.77 1.54 1.2 2.67 6.38 9.44 4.14 5.41 5.21 6.65 0.78 0.48 0.91 7.38 4.03 0.15 2.07 9.37 1.77 6.02 6.6 1.82 7.44 6.99 0.85 9.54 3.28 1.92 2.53 5.42 3.88 2.35 2 3.34 0.68 0.80 5.39 6.65 4.46 2.75 7.44 2.29 3.47 4.39 6.98 3.86 5.41 9.4 7.78 7.1 1.27 7.3 7.38 2.9
6.49 8.2 7.22 4.8 10 9.71 7.59 8.42 4.78 6.21 7.85 5.57 3.94 9.72 3.19 7.85 7.43 5.03 9.96 6.92 1.24 0.85 0.040 7.49 8.28 5.11 4.79 0.54 3.96 4.53 4.74 4.81 2.69 6.51 9.28 0.82 9.98 2.28 6.23 1.5 4.19 2.69 2.69 2.81 2.15 6.95 3.55 8.27 8.87 4.6 4.25 9.48 0.56 8.58 2.26 9.93 9.05 9.95 9.79 1.82 6.75 0.95 1.1 2.42 4.75 2.53 3.27 9.34 7.19 6.34 2.08 7.23 0.96 0.51 2.21 2.23 0.27 2.07 5.26 2.38 6.54 9.28 5.52 7.34 3.09 9.68 1.45 6.71 9.29 5.59 8.85 3.19 0.46 0.28 8.99 1.31 2.15 4.83 3.11 3.39
8.01 7.19 5.23 8.02 2.88 8.67 8.72 7.35 6.24 8.12 8.83 1.57 0.040 0.57 1.34 4.65 8.32 10 6.54 3.46 4.68 7.34 0.88 5.68 8.38 4.96 5.88 1.41 8.86 8.5 8.29 6.85 2.59 8.92 8.64 2.75 0.050 9.2 0.64 2.74 3.82 5.51 1.53 6 0.040 2.07 1.33 3.01 9.71 4.33 9.06 4.53 3.91 1.99 5.68 9.45 2.82 2.07 6.54 4.27 5.52 3.29 5.66 2.1 8.43 6.55 0.20 9.41 1.89 9.65 5.59 1.35 4.42 5.49 2.36 9.06 6.34 0.38 1.27 5.46 2.45 2.05 9.64 4.36 4.7 9.91 0.69 9.82 8.89 3.86 4.66 4.81 5.14 5.62 2.27 5.24 8.27 3.39 6.01 9.97
4.54 9.69 9.94 2.28 4.15 0.87 3.51 5.72 2.37 0.20 9.14 5.63 2.21 4.51 6.72 8.14 1.57 3.56 1.09 9.47 6.57 3.32 2.61 2.99 8.34 6.52 1.46 8.94 0.22 3.91 3.23 2.09 4.82 8.62 1.7 8.68 5.43 6.42 3.74 8.73 8.87 1.81 6.31 0.27 8.81 5.55 1.59 3.84 9.43 2.6 4.18 8.11 4.75 1.56 9.99 3.51 6.14 6.08 4.62 0.99 0.52 3.06 2.75 2.73 4.97 0.61 5.71 5.92 4.34 2.01 6.62 8.54 0.30 0.10 8.11 3.74 5.66 6.64 7.49 1.08 7.58 9.57 2.7 4 7.8 0.85 5.33 2.57 7.91 6.47 3.72 2.79 4.46 8.91 1.02 0.46 3.88 2.37 7.82 7.89
4.33 5.32 2.19 4.99 4.65 3.67 6.86 1.77 1.78 0.84 5.59 6.95 0.020 5.83 5.71 8.99 4.58 0.48 0.37 5.21 2.91 8.4 0.23 2.57 2.04 7.44 9.06 4.66 8.45 7.39 9.77 6.09 2.28 2.1 1.79 5.6 8.62 1.06 1.67 6.02 4.21 6.79 3.17 1.56 2.36 8.8 0.63 6.51 6.39 1.34 1.55 9.29 8.26 0.62 1.32 1.93 6.62 3.48 8.64 3.04 3.08 0.19 0.72 7.76 7.63 9.41 0.37 0.010 0.46 5.99 9.4 9.32 6.76 8.29 7.03 0.79 3.66 5.08 3.15 1.38 3 3.4 2.66 2.18 1.69 3.3 7.44 6.2 0.75 5.86 0.84 1.59 4.92 1.67 8.29 1.02 3.19 4.51 1.12 7.95
8.26 3.26 1.06 9.01 7.64 3.7 2.95 9.58 8.3 9.75 5.99 4.27 1.9 6.87 1.7 4.3 6.19 2.14 6.19 9.54 7.55 3.72 4.25 8.87 5.45 3.02 6.41 5.61 2.89 9.77 2.79 3.27 0.49 4 2.44 4.65 9.1 2.69 2.32 3.22 2.84 0.56 9.6 8.34 2.45 5.58 7.02 8.18 0.91 4.2 5.4 6.73 3.04 6.62 9.55 9.2 2.01 7.18 2.63 7.81 9.66 1.63 1.59 3.32 1.8 0.93 2.65 9.04 6.56 0.84 0.41 5.65 1.12 9.09 8.79 0.31 4.22 4.86 1.88 0.95 4.19 9.6 3.1 8.82 0.23 2.69 8.36 9.72 4.2 7.67 9.98 3.96 6.6 4.26 4.25 4.69 2.62 1.86 5.8 6.33
0.84 1.06 1.1 5.75 8.19 6.86 5.31 2.66 7.67 6.52 1.49 8.37 1.43 7.2 1.48 3.35 9.33 3.98 5.68 0.74 5.59 8.29 3.42 4.47 8.75 0.90 1.63 4.95 2.51 5.24 0.73 8.81 1.7 8.88 7.52 4.31 8.46 7.64 0.53 2.85 0.49 0.35 4.99 1.95 6.41 7.53 0.87 7.67 0.75 5.07 9.38 3.73 8.22 0.19 1.24 2.89 9.6 0.28 8.24 5.37 9.32 4.44 0.50 6.04 6.92 3.34 1.91 6.83 7.82 5.45 1.64 3.99 2 7.06 7.12 6.27 4.63 8.62 9.81 3.11 0.56 3.44 5.58 9.43 7.09 2.16 7.21 4.93 3.97 1.75 8.7 2.86 5.06 3.27 7.28 7.11 2.97 3.25 8.71 8.12
1.34 6.11 0.64 8.46 1.01 5.98 8.33 9.25 9.35 2.32 9 7.32 2.69 6.51 4.77 5.97 8.36 3.34 9.62 2.08 4.28 1.77 5.42 8.16 1.22 8.26 5.66 0.68 4.89 4.3 7.52 1.34 2.59 2.57 2 7.74 8.79 8.06 9.02 4.36 2.2 2.87 7.39 8.3 3.05 8.95 6.17 3.75 1.83 3.25 6.61 4.06 5.66 2.92 1.87 5.51 6.66 0.67 3.29 7.7 3.79 7.67 6.81 1.85 9.15 6.52 4.5 0.74 8.63 8.47 4.39 4.42 5.31 2.44 6.62 9.37 3.15 9.66 7.13 8.13 0.31 0.64 3.79 9.49 6.06 7.68 8.88 3.02 4.13 5.04 0.010 2.44 7.42 5.68 9.37 6.02 4.29 2.64 6.9 4.49
1.74 7.79 4.05 7.39 1.79 7.9 5.98 2.24 1.08 4.04 4.51 3.61 1.75 7.27 9.09 9.02 8.96 2.3 7.47 7.76 2.68 1.3 9.27 0.99 8.57 3.9 9.32 8.98 7.3 2.08 8.32 1.03 1.98 9.67 9.83 6.54 7.47 1.05 7.94 9.04 2.4 0.78 0.13 3.39 8.26 8.42 1.74 1.9 0.32 6.85 3.95 4.39 0.55 9.74 6.47 9.2 5.42 9.28 9.42 6.39 6.18 6.82 7.82 0.88 1.63 5.04 7.69 9.97 7.86 0.41 3.26 7.02 6.28 5.9 4.4 3.2 2.26 7.6 8.26 5.14 1.87 6.13 2.46 1.07 4.14 3.66 1.63 5.98 9.74 3.83 6.8 6.43 9.44 8.27 2.97 2.05 1.93 8.31 2.43 8.31
3.91 4.24 4.49 5.86 3.6 3.68 3.36 3.74 1.83 1.23 2.06 4.55 1.39 3.74 5.53 7.03 5.83 9.37 6.63 9.15 7.54 8.8 2.99 8.6 9 7.76 7.84 2.89 2.03 3.24 9.23 9.6 6.06 6.2 7.1 6.58 1.18 4.7 3.74 9.26 0.30 9.01 6.06 6.72 8.84 1.31 6.52 6.47 7.25 4.44 2.59 6.79 2.61 7.65 1.29 0.91 8.69 0.88 2.45 8.94 5.63 7.15 8.08 3.09 4.29 5.31 6.28 3.15 4.34 3.3 0.90 2.61 3.74 9.39 5.63 7.46 1.16 2.47 6.84 8.67 2.71 5.56 6.77 0.58 9.15 1.55 2.02 5.44 2.38 9.78 6.55 9.57 8 3.92 3.13 6.19 5.68 6.97 3.43 1.27
8.32 0.91 3.66 2.47 0.57 2.07 3 0.88 1 2.69 9 3.87 5.99 5.82 0.33 3.78 5.83 6.84 5.24 7.83 8.99 0.45 3.39 0.28 2.18 1.8 6.86 2.7 2.17 1.11 3.28 1.53 8.24 1.66 1.76 1.62 5.1 2.2 8.33 5.06 7.03 8.47 5.77 0.53 9.46 1.9 4.99 0.040 1.45 4.36 8.48 4.66 5.9 2.44 0.82 2.58 5.58 3.33 9.58 0.61 8.31 4.6 2.66 2.31 0.42 3.8 3.15 8.1 3.48 7.1 8.11 0.29 6.07 8.96 9.91 2.89 1.34 6.77 6.9 9.81 0.67 9.07 2.62 1.64 4.78 1.66 8.82 1.3 1.09 9.37 4.12 1.87 4.38 6.22 5.5 7 6.58 3.34 5.46 5.14
8.04 2.67 7.64 6.67 5.22 0.87 4.53 6.41 4.9 2.58 7.63 7.76 9.02 1.17 0.54 7.35 8.55 9.63 2.6 2.96 7.29 6.87 8.6 9 0.77 1.1 4.67 5.95 9.77 3.76 8.05 1.53 8.11 8.27 8.59 4.33 1.69 9.23 7.54 6.28 0.080 3.96 8.08 7.35 3.91 1.54 2.85 2.83 6.36 7.94 9.46 9.54 4.8 6.83 6.6 4.28 0.22 5.27 5.11 1.76 9.58 9.2 8.96 9.1 2.26 7.69 2.93 4.62 0.56 8.61 4 9.48 8.47 6.07 9.58 1.25 9.47 7.6 5.31 3.27 3.34 2.02 9.62 5.28 9.17 8.94 4.62 5.53 8.01 8.93 4.77 9.1 0.91 9.66 5.53 3.15 6.86 5.81 0.68 7.16
0.61 1.54 6.28 0.84 3.36 7.72 4.23 1.81 1.94 3.32 8.83 7.35 9.4 0.58 8.06 9.55 0.35 4.38 9.62 1.52 4.07 7.34 3.41 9 4.75 9.06 2.61 4.76 5.94 3.3 5.39 1.56 8.03 6.56 9.1 5.06 8.32 3.21 6.22 7.2 6.11 1.7 6.55 5 8.02 0.29 8.31 6.39 7.9 8.16 3.77 3.55 1.99 1.38 0.28 5.78 4.83 2.47 5.65 4.17 0.76 9.89 6.08 9.37 6.67 2.83 0.79 5.88 8.2 5.01 6.56 9.97 7.02 7.93 3.37 5.15 4.93 5.87 1.89 2.2 0.50 7.88 4.98 0.70 4.97 9.46 1.88 1.5 0.45 4.44 3.89 5.69 9.34 8.29 6.41 8.05 3.54 2.88 4.11 2.49
4 2.82 7.72 6.26 1.76 2.06 3.6 0.46 8.96 1.53 2.85 4.31 2.22 9.8 4.52 5.43 8.86 9.41 5.41 8.48 9.39 4.38 1.39 5.25 8.36 8.77 5.7 3.69 3.05 3.43 4.64 0.90 7.09 5.47 9.62 3.76 9.29 8.58 3.95 0.24 4.09 4.31 8.79 9.44 1.58 0.10 8.19 5.93 5.67 7.53 0.68 3.4 2.4 6.3 9.86 9 8.08 5.43 9.94 7.4 8.89 9.33 0.15 0.32 8.72 6.5 1.72 4.78 1.07 9.95 5.67 7.8 3.93 8.37 1.56 3.88 7.49 8.23 4.94 5.19 1.02 3.48 4.28 0.11 9.28 5.18 7.25 2.59 9.6 7.52 4.53 1.94 3.79 8.14 5.97 1.79 9.57 2.64 2.38 5.32
5.27 4.41 9.33 6.61 2.09 3.89 5.59 7.24 1 3.49 6.74 6.94 4.83 2.85 3.83 5.41 4.08 0.060 0.31 7.85 2.56 3.8 5.08 1.21 4.7 10 2.49 6.56 9.68 8.18 8.21 4.55 8.6 2.52 5.71 4.81 1.7 2.6 3.6 5.75 2.49 4.17 9.03 2.9 6.26 5.97 9.39 3.26 3.78 7.9 1.82 8.96 7.81 8.58 5.4 2.19 7.37 7.81 7.71 8.93 5.63 4.62 3.45 5.94 3.45 9.23 7.22 5.53 0.070 4.29 0.040 9.9 5.72 5.61 4.18 9.79 3.11 9.27 5.6 3.54 0.72 9.73 5.68 0.92 7.04 0.19 8.84 5.29 8.02 9.1 0.27 7.05 7.59 9.56 1.62 2.42 2.44 2.6 4.89 3.83
4.17 5.28 9.73 7.3 9.06 5.52 7.43 3.48 0.45 1.22 6.65 9.46 3.77 5.95 7.9 3.12 0.37 6.11 6.97 2.71 5.34 9.8 8.57 1.78 4.14 8.65 3.2 9.39 8.96 5.32 9.52 6.69 7.82 0.41 5.63 3.43 8.84 8.79 0.89 0.47 6.53 7.29 1.53 3.77 6.99 6.1 0.010 9.89 8.22 5.02 5.76 5.46 6.18 9 3.74 9.68 5.73 5.22 3.14 0.26 1.95 9.05 5.34 0.44 0.28 3.31 0.90 1.76 2.76 2.68 6.52 4.88 2.5 0.010 5.55 2.92 0.080 6.38 8.29 8.6 9.05 8.37 6.14 6.08 6.95 4.2 7.99 8.14 9.61 3.74 4.26 6.52 8.04 1.84 4.18 5.95 7.49 6.78 8.07 8.02
6.57 4.58 1.93 8.91 6.76 2.29 4.25 6.61 5.58 8.85 1.23 7.85 5.24 9.63 3.65 0.72 7.47 8.02 5.2 2.28 9.55 3.99 3.85 7.07 5.03 0.37 9.11 6.21 1.91 5.22 0.77 8.32 2.04 2.34 1.77 7.78 3.88 1.89 3.42 4.23 3.21 4.07 1.93 1.14 0.86 9.19 6.41 1.24 3.05 5.56 1.86 7.5 1.45 3.49 7.07 4.34 0.090 9.32 0.58 1.38 2.22 3.87 6.28 4.25 9.06 8.14 9.18 5.88 9.43 4.73 3.18 1.28 7.28 2.52 0.30 5.93 6.16 0.19 2.03 2.61 3.12 7.12 8.07 0.57 0.050 1.23 8.43 7.19 7.66 1.17 1.06 3.32 8.05 6.71 3.7 8.69 3.91 5.2 3.78 6.71
6.28 8.76 1.39 9.83 4.69 6.42 4.3 3.84 7.73 0.95 4.08 7.06 2.65 1.86 5.33 1.82 1.55 2.33 0.60 3.22 2.68 4.41 6.96 8.32 1.26 5.45 8.86 2.83 0.020 7.75 7.09 7.91 9.94 3.62 5.14 3.84 3.83 7.6 5.49 4.68 1.04 9.52 7.91 9.65 5.32 7.34 0.080 7.36 3.2 6.31 2.92 1.25 7.17 4.87 9.48 7.85 7.19 1.48 0.45 4.25 7.06 6.04 4.47 5.22 4.72 7.88 4.3 1.55 6.75 1.61 2.66 4.65 3.44 4.32 8.67 5.72 3.58 1.85 5.28 8.44 5.92 2.15 8.81 6.59 5.41 9.52 5.39 5.01 6.09 5.26 0.44 5.22 5.96 7.36 0.81 8.19 8.45 0.77 5.18 9.83
2.92 5.19 6.97 7.7 9.13 4.85 1.25 6.28 3.12 9.31 2.76 1.1 0.69 1.94 7.12 0.93 1.44 9.33 8.91 8.3 2.51 1.57 6.28 0.35 1.33 9.98 7.95 2.06 7.12 1.21 2.35 7.13 0.94 6.34 5.49 7.12 2.72 0.32 4.61 0.23 5.36 9.12 0.61 4.33 8.89 3.02 1.07 1.57 7.85 0.98 4.62 4.54 4.02 6.8 3.83 5.26 4.5 4.17 8.13 7.65 5.97 5.61 8.12 8.41 9.11 1.25 0.80 4.46 3.86 1.59 4.61 7.43 0.79 4.31 8.95 6.16 6.49 0.27 8.08 5.83 3.78 0.16 1.6 5.76 4.13 2.71 2.1 8.94 9.9 3.42 5.57 0.25 3.25 8.2 2.37 5.91 3.72 0.56 0.95 9.37
4.32 9.44 0.94 5.82 1.05 1.52 0.25 0.22 1.79 4 7.17 3.9 4.37 3.42 8.72 4.64 6.06 7.64 3.31 8.23 9.28 3.27 4.51 7.58 8.71 5.12 9.26 4.4 8.68 6.26 3.99 4.73 6.51 9.87 1.66 4.81 8.68 6.43 6.46 0.66 1.65 9.52 3.9 0.85 2.64 4.96 1.07 4.35 5.04 2.46 3.47 0.75 4.63 7.05 6.93 3.32 6.6 2.81 4.13 5.25 5.87 8.46 1.45 6.26 3.28 1.58 5.73 5.38 8.57 2.69 6.24 6.74 3.03 8.76 4.98 5.61 8.46 9.35 3.56 7.2 9.52 2.11 0.90 0.74 6.29 8.94 5.31 9.51 5.63 8.5 6.12 0.23 7.49 6.82 9.95 0.030 7.08 2.59 9.1 5.77
0.16 6.38 5.26 9.29 7.46 7.82 2.91 9.11 3.39 0.48 2.84 5.91 1.74 9.33 3.29 0.10 2.55 8.27 2.3 5.71 0.69 3.15 4.74 9.58 6.03 8.74 1.79 0.28 1.19 3.47 2.69 7.09 2.16 2.08 4.94 7.3 7.42 5.67 5.14 9.24 8.84 3.47 3 7.17 2.35 2.59 3.68 8.33 2.61 6.16 3.19 6.64 7.08 4.61 6.03 4.32 7.54 5.99 3.85 7.55 9.69 2.85 9.75 2.56 6.92 4.15 8.32 4.62 6.75 7.58 8.02 8.74 3.01 0.68 2.1 2.8 1.02 4.85 5.48 3.44 7.43 5.37 3.14 2.42 5.44 8.96 8.44 4.63 4.96 1.87 7.39 7.99 4.77 3.31 9.1 9.45 3.46 4.4 2.08 0.81
9.85 9.58 5.31 5.81 7.37 1.01 3.18 8.01 2.11 3.43 8.97 4.6 0.27 3.91 6.51 9.16 3.25 5.74 1.14 5.72 3 8.95 9.5 3.43 2.66 0.71 5.18 8.77 0.40 3.35 8.33 9.59 2.44 7.58 5.36 9.38 4.48 3.77 8.15 5.35 6.67 2.91 7.35 5.07 8.4 7.33 2.4 3.6 7.33 3.05 4.6 7.04 4.02 3.65 7.76 7.18 8.05 0.37 5.24 1.7 5.82 6.64 8.34 9.05 0.18 6.88 3.48 8.35 6.09 6.1 5.62 7.59 0.24 3.4 7.22 1.52 5.89 7.95 7.18 0.10 8.88 1.09 6.08 3.52 2.16 7.76 2.16 2.88 2.54 2.09 2.57 1.08 5.16 0.35 7.91 7.93 8.78 2.85 3.83 4.14
1.68 2.41 8.62 0.17 5.62 2.95 6.54 7.46 5.11 7.36 8.27 0.51 9.55 2.74 9.75 6.43 4.02 7.93 3.11 2.87 5.92 2.48 0.84 6.39 8.65 9.88 6.28 6.11 5.99 5.75 9.96 5.06 3.4 8.87 1.99 5.18 7.1 2.13 0.98 3.67 8.48 8.87 1.05 3.29 4.96 1.17 3.47 0.77 1.63 7.67 2.36 9.19 0.15 2.81 5.92 9.17 0.30 0.64 8.93 6.73 1 6.03 3.41 7.68 5.13 6.58 7.8 9.97 4.4 9.67 0.25 6.18 1.77 1.78 7 7.34 5.83 4.57 2.03 1.93 5.99 8.54 3.79 1.27 5.53 9.09 7.17 9.27 1.96 5.31 7.27 6.89 4.81 1.21 1.36 4 7.51 6.79 6.61 1.81
1.07 6.77 4.85 1.21 1.85 2.38 9.57 8.14 9.07 7.95 3.91 2.29 4.31 1.52 0.76 0.020 4.07 3.3 2.29 7 2.04 3.11 2.8 3.44 0.59 9.23 9.14 2.04 6.05 8.64 6.5 3.06 1.98 4.73 6.24 9.04 9.45 7.93 4.64 3.64 7.63 2.11 7.93 7.54 1.53 7.47 2.5 5.57 9.22 2.68 0.28 6.61 0.75 0.77 3.77 8.91 7.8 3.23 4.06 6.19 1.67 6.57 6.17 5.63 3.32 6.8 7.09 9.73 9.62 7.74 7.94 2.75 8.61 2.47 4.61 0.40 5.22 4.95 6.44 5.08 6.9 9.11 9.26 7.4 8.63 0.17 8.63 4.97 4.93 0.85 7.14 7.76 4.25 2.84 5.51 8.74 4.35 9.5 7.59 9.96
3.73 2.9 3.94 8.63 5.98 5.31 9.36 3.84 6.29 5.45 4.98 8.35 9.62 3.98 5.88 0.31 3.87 2.24 6.52 7.97 6.36 4.09 4.48 2.17 4.58 5.65 6.64 5.2 5.17 1.99 7.04 7.9 5.07 1.59 0.27 2.19 1.75 1.46 5.9 1.52 8.08 1.31 7.83 8.37 2.31 8.1 3.88 2.74 2.23 0.40 6.59 6.91 5.92 4.45 8.51 1.35 5.68 0.99 6.05 0.070 1.03 3.1 3.04 8.98 3.37 0.10 5.91 7.46 8.23 5.73 2.74 3.37 6.56 7.28 1.71 8.02 4.55 4.26 0.010 0.25 3.92 3.34 0.58 4.46 0.050 9.6 4.72 8.78 7.11 2.41 5.04 7.92 1.77 8.39 0.54 6.75 4.01 7.74 1.74 5.21
1.99 6.72 6.72 4.85 3 0.92 4.58 6.18 1.02 6.87 6.95 0.16 7.63 3.75 4.14 2.09 6.1 3.13 0.67 4.42 7.99 7.09 5.88 7.87 7.23 4.32 3.9 0.54 0.080 6.73 9.33 2.37 9.51 8.11 3.19 8.74 2.45 4.9 1.88 1.5 6.33 5.21 5.33 2.54 6.58 7.46 4.22 1.33 0.84 2.97 1.59 8.54 4.47 1.66 2.26 1.2 0.77 1.71 0.95 7.41 1.47 3.32 0.90 3.69 9.54 1.29 3.77 2 0.11 4.51 8.23 8.36 8.57 2.89 7.95 4.07 9.67 8.92 5.14 5.51 2.24 4.7 9.95 0.18 1.26 0.76 4.61 2.14 9.88 6.35 8.93 7.1 2.81 9.02 6.77 2.43 3.73 6.37 5.18 8.86
4.9 6.96 7.42 8.45 1.35 4.06 2.41 5.76 3.91 8.94 8.35 8.64 0.080 1.32 3.1 4.55 1.67 5.85 2.76 4.47 5.02 1.44 8.78 7.24 3.39 3.38 7.41 8.63 6.89 9.02 6.88 2.35 3.95 4.77 5.33 0.83 6.41 0.13 6.12 3.51 7.11 9.06 2.54 5.35 5.63 3.38 6.41 7 0.74 5.57 8.03 4.68 9.27 3.99 7.97 8.94 2.52 3.72 3.36 9.92 6.72 1.89 5.22 3.38 7.51 7.64 3.94 0.37 1.42 2.88 6.89 3.86 2.71 2.38 8.89 8.31 1.83 8.75 5.7 2.77 1.32 0.030 6.67 6.82 7.76 2.86 9.43 1.15 3.35 1.12 7.8 9.47 8.78 4.5 8.23 1.69 4.44 7.54 9.96 6.49
3.4 0.68 5.21 2.1 2.13 1.05 7.64 5.31 0.55 0.55 6.1 0.79 6.81 4.36 2.64 1.28 1.89 8.3 2.82 4.66 6.51 8.72 4.7 2.79 4.02 7.21 8.18 4.43 9.47 2 5.69 4.65 5.85 1.17 3.27 4.66 8.09 1.87 0.52 3.36 6.89 4.03 0.71 4.36 2.92 5.85 7.88 4.86 7.7 9.7 4.09 4.59 0.95 9.21 9.97 6.54 1.34 0.40 1.45 1.29 6.4 1.01 8.26 6.19 3.34 8.42 4.29 1.89 4.83 7.53 6.04 0.81 8.96 1.4 1.43 9.72 5.6 6.34 0.080 6.97 1.73 3.11 6.18 8.81 0.21 4.89 6.29 1.25 2.21 6.08 4.95 2.99 8.74 9.89 9.12 8.62 3.81 7.47 7.08 4.67
9.52 2.55 3.48 5.53 8.95 1.13 7.6 2.76 5.02 3.04 5.75 6.7 7.06 0.92 7.59 0.090 0.95 2.91 8.81 2.8 7.96 0.84 4.38 5.83 5.27 0.14 6.01 5.49 8.74 2.99 3.81 6.2 6.07 8.76 6.03 0.22 8.54 4.86 5.76 7.85 3.21 2.16 6.26 1.58 6.23 4.69 2.7 1.83 8.18 6.9 3.28 8.07 3.76 5.12 2.82 0.41 5.65 7.1 2.45 3.61 3.73 2.87 7.64 0.87 6.33 7.47 4.24 5.78 5.81 0.95 3.87 8.66 2.09 2.21 9.4 4.23 6.27 2.93 8.93 8.82 9.39 4.86 1.48 1.4 1.43 9.71 8.07 5.75 3.46 8.9 7.62 9.96 4.9 0.34 1.48 3.27 0.73 5.87 0.81 0.96
9.21 2.25 1.5 6.3 0.72 7.85 7.41 2.49 4.32 0.47 3.27 5.01 6.46 6.15 9.96 7.28 3.24 4.03 4.45 6.76 2.34 4.62 7.47 4.22 8.95 3.75 0.85 5.67 1.14 4.97 6.35 6.16 7.15 6.36 3.62 8.09 3.99 8.39 8.43 4.87 5.32 0.79 0.25 6.01 7.16 0.88 8.44 1.02 7.41 7.18 7.47 8.25 5.46 9.15 7.11 5.05 5.41 6.42 3.79 1.92 1.63 3.55 9.48 3.76 4.16 9.45 2.19 6.29 2.93 1.07 0.66 4.36 9.65 8.18 0.010 0.54 0.31 2.92 8.34 0.25 0.35 2.63 0.29 8.11 3.21 5.69 4.02 4.67 0.92 4.91 6.68 5.55 6.07 8.6 3.05 3.26 4.41 7.74 0.44 9.68
0.53 6.68 5.87 0.32 2.43 2.92 7.44 4.52 9.98 1.96 4.57 2.18 5.53 0.11 1.87 3.55 7.7 8.63 7.56 9.04 6.01 0.31 4.68 0.93 7.79 9.23 9.23 6.81 3.55 8.9 3.64 1.23 4.02 0.98 1.35 1.8 1.16 1.42 5 4.65 8.74 9.34 0.63 9.38 2.81 8.29 7.41 2.02 7.59 5.6 7.47 1.91 1.12 0.92 6.65 8.95 0.69 1.75 2.71 7.15 3.9 5.36 3.34 1.88 5.77 9.2 4.97 3.65 4.39 7.35 9.99 1.73 4.15 3.79 4.39 7.88 6.43 2.46 7.76 3.42 8.8 6.84 5.73 2.53 9.05 2.74 3.22 3.75 6.32 3.14 9.79 6.57 7.18 5.29 7.8 4.01 6.07 3.93 4.92 6.21
7.38 8.45 2.63 6.15 0.54 6.04 1.06 2.28 8.12 7.21 7.14 5.72 2.19 5.74 7.82 7.81 2.35 6.15 6.04 9.09 1.13 7.54 8.61 0.25 0.70 5.47 0.54 3.72 2.42 5.02 4.08 1.24 8.59 9.09 9.14 1.66 0.81 7.33 4.4 1.32 0.55 6.03 1.3 1.08 4.13 6.86 8.27 1.35 9.62 5.34 1.74 0.26 9.05 9.94 4.15 3.86 9.89 0.63 2.16 1.78 8 9.91 3.9 8.11 9.6 2.24 0.40 6.37 3.99 3.55 6.62 0.050 2.3 6.66 0.12 6.31 8.39 7.05 7.89 4.22 5.23 9.12 0.30 0.25 6.15 1.3 3.79 7.55 3.79 7.63 1.18 9.46 1.41 9.76 4.88 7.64 3.05 6.06 4.47 1.57
2.7 3.45 0.45 3.63 4.42 9.65 6.82 8.05 4.86 7.22 8.85 1.23 7.73 7.9 1.96 4.37 7.41 9.92 7.84 7.48 5.16 7.01 4.67 4.92 2.79 4.74 5.28 0.79 5.61 2.77 3.69 2.85 9.21 0.36 6.41 1.82 3.61 6.92 1.5 8.87 5.01 3.78 4.51 9 3.63 2.68 1.83 3.24 4.67 8.76 1.18 0.57 6.34 0.97 4.99 2.93 2.52 4.07 6.34 9.87 4 0.29 1.51 7.24 6.16 5.1 5.65 8.92 1.38 5.81 2.3 6.53 8.19 9.36 2.35 5.09 3.96 7.75 3.74 0.81 8.09 5.71 7.12 5.31 0.16 1.56 7.19 4.56 8.88 9.55 8.7 2.25 5.84 8.78 5.5 1.65 4.07 2.48 4.87 3.99
4.23 7.81 7.55 0.50 0.14 4.33 4.64 9.87 8.95 8.78 7.21 6.72 2.29 2.36 9.93 4.37 6.93 2.04 1.14 2.61 8.38 2.15 4.99 2.79 3.8 4.97 1.19 4.57 6.13 5.34 4.69 7.36 7.51 0.40 6.59 6.92 8.29 0.35 0.29 6.75 4.33 6.65 6.73 5.51 7.82 9.7 0.66 9.51 7.87 3.94 1.75 1.43 9.06 3.14 9.5 2.35 3.16 4.64 8 0.17 7.56 7.1 3.34 6.75 1.51 7.88 0.50 2.54 9.53 2.99 0.93 3.7 3.61 4.27 7.07 5.68 4.38 8.23 1.53 0.80 4.48 2.66 2.15 9.35 3.12 2.69 1.94 7.07 4.27 6.46 5.68 9.82 1.96 1.62 8.79 6.89 1.02 2.91 1.66 8.83
5.48 6.76 2.43 4.9 8.98 6.95 2.13 0.30 1.38 5.83 0.19 6 3.71 4.49 8.03 0.50 8.25 8.28 9.79 6.9 9.21 6.8 4.88 3.4 8.65 3.09 3.81 0.48 3.01 5.75 5.04 4.12 2.86 9.89 6.76 2.14 2.15 4.89 7.57 8.36 9.05 7.93 8.57 4.28 1.36 1.84 6.11 5.33 4.23 4.59 6.28 1.72 6.31 7.86 9.54 2.01 3.01 2.03 2.09 0.40 2.96 9.06 5.54 9.14 8.39 5.23 8.73 2.87 3.61 7.14 2.41 3.77 5.02 6.06 6.95 3.1 0.85 8.07 3.53 0.73 3.47 9.29 2.56 7.7 1.93 4.34 4.9 9.3 8.91 4.86 1.21 1.71 0.64 3.54 9.89 6.44 4.77 0.20 3.61 5.4
9.43 0.070 4.43 1.93 1.97 7.59 0.99 5.36 3.91 0.71 6.75 0.56 8.91 5.7 4.25 0.50 8.28 6.76 8.49 1.32 4.99 5.58 2.3 2.88 4.2 9.51 8.13 7.39 7.99 4.13 9.11 8.29 7.97 6.87 7.45 2.99 7.92 9.72 7.97 6.57 6.31 3.34 4.99 1.53 9.03 3 7.02 2.48 9.44 2.09 8.42 6.26 0.15 6.03 7.33 3.81 0.43 8.7 8.97 8.05 6.41 8.66 5.51 8.21 7.27 6.18 8.61 1.26 8.37 3.61 9.03 4.42 7.48 9.7 2.66 7.48 5.82 2.54 6.46 9.01 7.58 0.65 9.59 4.05 2.76 3.96 1.21 8.21 2.25 4.39 9.71 9.42 0.64 0.59 0.20 8.22 2.93 3.48 8.81 5.44
4.18 6.03 6.88 1.24 0.94 4.33 8.24 0.88 9.28 9.23 4.39 0.57 8.57 0.62 7.29 0.92 2.94 2.49 0.51 1.24 2.78 8.51 0.86 1.71 2.4 9.82 2.45 0.39 7.96 0.15 2.07 9.36 1.43 3.77 8.43 7.69 6.55 1.13 2.94 9.84 9.84 6.93 0.49 2.48 2.9 4.12 1.12 4.38 0.020 7.58 5.11 0.30 3.17 4.66 3.85 5.95 5.28 5.98 7.46 8.6 8.86 1.2 1.61 5.49 1.09 5.59 3.39 5.29 0.42 7.19 2.18 5.17 8.32 3.65 3.27 3.37 8.72 8.01 9.32 9.7 3.61 6.27 1.82 7.18 0.27 4.26 1.4 0.40 7.97 1.87 8.4 9.57 9.4 4.45 3.52 3.79 0.17 1.42 7.45 4.43
9.84 3.87 3.6 2.06 3.08 6.56 1.76 8.03 9.18 8.01 4.38 1.53 4.03 4.97 4.99 5.95 3.1 4.76 4.67 1.91 6.53 5.59 0.68 4 5.98 5.14 8.85 9.55 7.82 7.03 3.39 4 5.05 5.05 5.17 5.02 0.27 7.44 1.16 9.8 5.86 2.04 3.14 4.48 5 2.37 0.96 6.7 9.82 5.47 1.66 4.73 1.12 2.99 0.41 2.69 2.57 0.24 5.37 5.67 2.1 9.56 1.18 0.16 1.62 7.31 9.75 8.21 4.24 9.96 4.8 3.01 3.95 6.65 0.94 8.84 2.07 6.3 0.94 3.92 5.57 9.49 7.99 4.82 8.31 6.15 9.48 9.67 8.59 4.44 0.63 1.76 5.21 4.42 5.35 1.12 8.85 4.12 4.17 1.84
3.02 9.16 7.37 1.47 4.57 1.1 1.64 9.9 7.14 2.86 1.18 0.20 3.19 6.43 8.09 2.42 5.24 4 3.26 1.46 9.18 9.02 8.89 6.98 4.8 9.93 7.13 7.43 3.52 5.07 5.75 0.53 6.11 7.64 1.52 9.1 7.86 6.39 3.76 2.51 8.41 9.59 6.42 5.33 7.84 1.96 5.98 5.48 5.71 3.58 7.15 6.79 6.3 1.34 5.83 6.23 4.09 9 9.7 7.55 4.81 4.41 3.99 0.95 2.98 0.64 9.55 3 0.76 0.84 9.1 4.79 0.97 3.15 0.42 3.34 0.95 2.32 7.39 3.14 8.89 5.17 0.41 4.42 7.65 4.47 6.31 8.88 4.28 4.89 2.79 0.55 1.51 3.27 7.48 8.6 2.11 1.54 9.08 2.5
7.02 0.020 3.95 1.9 1.02 9.34 6.66 0.67 6.19 5.44 8.15 4.36 6.09 2.22 3.57 8.42 3.26 6 6.31 5.86 5.1 4.2 2.34 2.04 8.99 4.56 3.79 9.38 0.55 3.82 4.87 5.72 7.04 0.49 3.81 0.58 9.23 5.95 8.29 6.25 4.69 7.12 7.87 3.55 6.78 7.06 8.13 6.1 3.47 7.01 9.08 1.15 0.61 2.96 5.65 8.05 9.48 4.53 5.65 5.2 1.13 8.76 8.32 5.15 4.24 4.93 9.89 7.88 3.14 4.69 1.94 0.070 2.66 8.86 7.6 7.97 1.88 3.82 0.56 5.54 8.41 9.57 3.1 9.43 7.22 0.13 4.39 6.39 5.89 8.62 4.1 2.69 6.47 9.15 9.71 7.14 6.84 8.3 0.95 2.86
6.67 4.63 6.84 0.43 9.96 1.88 8.95 9.4 3.44 9.85 3.25 8.33 9.11 8.38 0.74 8.58 8.32 8.01 2.31 0.74 9.75 3.59 8.62 6.67 9.35 4.27 2.49 5.14 7.09 0.65 2.63 7.48 3.84 7.26 8.22 4.37 4.93 4.99 8.42 7.29 5.46 1.67 2.9 7.74 1.5 1.81 8.15 8.64 5.58 1.1 2.19 2.37 6.74 1.67 3.56 1.04 9.2 0.59 2.18 5.86 1.33 8.65 1.86 9.53 5.29 2.3 1.58 4.38 9.46 0.94 4.48 1.72 7.92 2.96 3.25 8.05 6.68 4.54 7.58 7.93 2.45 2.73 9.68 5.79 8.23 0.35 7.08 0.11 0.92 7.17 6.27 5.47 5.84 4.95 6.96 5.76 1.55 7.4 1.82 5.3
5.4 4.25 7.05 6.36 3.33 2.67 5.17 0.19 9.37 7.16 2.47 6.18 9.1 9.72 5.91 9.64 8.11 1.06 5.8 8.23 1.98 4.89 7.12 4.44 8.18 2.14 2.53 2.41 9.93 3.59 5.8 3.21 7.29 7.02 1.72 5.73 8.35 5.68 6.66 4.99 1.8 4.43 4.98 8.82 6.97 5.23 0.90 3.81 3 0.070 8.71 2.9 4.78 3.18 8.81 7.3 1.22 1.07 8.58 1.91 0.65 3.56 5.01 8.44 2.76 3.38 0.030 5.51 8.55 7.26 6.18 3.04 9.37 2.96 5.22 0.51 7.33 5.01 4.64 7.99 4.36 5.27 2.67 7.84 7.65 3.99 5.3 9.78 2.51 6.21 9.2 7.76 3.13 7.11 2.74 7.42 9.75 0.99 9.47 5.6
6.99 4.61 4.43 2.82 2.98 7.98 7.03 6.84 1.25 8.39 3.43 5.21 5.92 8.47 9.11 4.89 5.57 8.22 6.04 7.23 1.12 2.56 8.73 4.34 7.09 1.94 7.68 2.6 1.63 2.35 8.79 4.93 8.88 4.59 3.3 5.66 1.32 4.27 9.61 8.5 6.35 6.33 8.19 7.35 1.3 2.97 7.32 7.49 1.6 5.98 2.12 1.73 3.06 1.1 6.25 6.49 5.92 9.99 8.62 5.04 0.80 6.32 1.27 9.36 8.28 5.52 2.49 9.87 1.74 9.13 5.95 7.45 5.69 9.08 9.52 4.03 6.32 5.41 0.46 8.64 8.29 9.12 1.22 7.15 1.21 9.8 6.53 3.86 5.94 0.90 4.16 6.04 6.73 6.65 9.52 7.54 5.03 8.21 1.01 4.16
6.67 7.71 0.20 5.39 0.63 4.88 1.54 7.84 7.31 4.34 3.76 8.64 3.33 5.06 1.94 2.21 2.63 8.42 6 9.26 2.98 9.3 9.39 1.76 7.44 8.33 0.50 7.59 1.14 2.04 0.61 2.22 0.56 5.83 9.67 8.24 7.6 0.77 9.44 1.91 9.63 9.3 5.96 4.07 9.46 4.63 9.04 1.57 6.66 6.6 8.37 3.24 5.17 8.33 6.25 4.75 3.6 8.67 3.14 0.51 6.27 8.65 8.65 9.74 7.93 7.44 3.47 6.9 5.36 0.87 6.66 5.81 9.39 4.93 6.69 9.66 4.69 3.46 8.43 7.98 1.53 2.15 6.08 1.43 3.85 5.43 7.79 4 5.21 1.12 7.12 3.17 3.98 8.32 9.08 5.56 8.92 2.28 3.89 9.06
1.79 3.23 3.31 6.96 2.99 7.69 9.54 5.35 6.47 4.71 5.47 0.98 8.54 2.79 4.33 2.27 6.81 3.55 4.49 4.93 3.97 4.67 1.4 1.94 9 7.27 6.86 9.94 9.13 8.14 4.41 9.4 1.39 3.4 8.07 1.27 9.26 2.91 1.13 1.25 5.35 5.3 5.37 6.05 8.87 9.26 4.53 0.59 6.85 5.81 8.6 8.02 7.08 9.72 2.96 9.33 7.2 6.16 3.27 0.57 4.12 0.21 7.67 3.73 2.74 4.13 2.34 9.71 2.95 5.2 2.68 7.02 5.98 2.08 4.74 4.15 3.15 2.92 1.65 0.070 7.58 8.27 6.46 6.93 0.28 9.13 6.19 5.11 9.15 5.76 9.71 4.34 2.2 2.59 4.58 8.01 7.27 1.07 2.9 3.06
1.29 7.85 4.25 5 0.47 3.97 5.41 8.86 8.34 5.61 5.62 9.09 4.43 7.47 7.5 5.37 2.34 4.31 0.36 6.55 4.21 2.55 3.94 6.17 0.66 5.3 6.21 3.57 4.82 3.94 0.85 4.83 8.64 1.71 2.23 3.01 8.33 5.62 6.49 0.030 4.8 6.27 3.31 6.42 5.16 2.16 0.71 3.4 7.93 9.1 5.24 3 8.14 2.19 0.75 0.97 5.24 0.27 8.41 3.36 6.39 0.77 5.65 3.21 6.16 5.08 7.56 0.96 9.03 5.53 4.24 8.05 9.88 0.26 6.5 3.31 6.42 7.04 1.16 9.2 8.77 1.39 8.75 3.94 0.020 3.25 5.03 5.52 6.64 4.62 4.36 8.43 2.41 7.7 7.34 6.71 4.98 6.63 0.74 6.5
10 4.72 2.71 5.36 5.06 2.73 6.8 9 3.99 2.7 3.96 1.09 9.05 2.37 0.40 7.63 4.57 5.73 5.14 8.91 3.12 4.32 9.81 2.7 3.36 8.3 7.47 7.53 8.52 0.54 5.64 5.4 4.22 4 10 0.030 2.6 6.34 4.81 1.53 7.94 6.81 4.12 1.28 6.8 0.020 2.42 8.18 3.49 6.37 4.78 7.76 3.16 7.07 2.94 6 2.61 3.23 4.93 6.31 8.57 3.77 3.9 7.84 1.02 1.29 2.26 8.99 0.82 6.86 8 8.52 7.63 1.71 6.66 6.37 5.63 9.35 2.72 0.18 5.03 4.38 8.98 1.28 0.070 2.91 4.86 9.59 5 5.46 6.36 6.27 3.87 4.11 5.59 5.36 6.08 9.55 1.95 2.89
1.72 0.36 1.98 4.46 7.62 0.38 0.37 6.26 7.5 7.5 3.99 5.17 0.34 9.58 9.47 3.48 3.85 7.01 4.08 5.39 6.94 7.03 6.45 5.6 0.050 5.12 9.78 1.11 8.1 3.76 5.4 2.22 4.12 9.2 0.64 9.52 2.14 9.31 0.67 5.35 0.93 9.24 7.95 4.97 9.77 9.07 7.32 3.78 2.51 5.26 8.9 5.53 3.12 0.40 2.35 2.34 4.94 4.64 0.52 8.92 7.64 1.5 4.91 2.13 6.7 2.15 4.49 0.59 7.88 3 9.33 1.18 1.86 3.03 2.31 8.59 6.64 5.95 3.15 0.30 5.71 8.76 0.54 6.41 1.68 8.79 1.11 8.56 6.35 0.39 9.02 2.73 0.34 0.56 9.94 6.86 3.5 8.15 4.18 2.56
0.33 1.76 8.22 1.24 6.32 6.74 8.1 1.38 8.36 5.04 5.16 1.44 5.33 6.21 7.64 4.62 5.39 7.43 1.09 2.83 0.92 4.03 8.97 9.45 8.29 5.52 3.84 5.98 1.87 7.75 7.69 0.96 9.6 2.27 4.26 7.67 5.23 9.78 8.98 5.11 8.81 1.53 3.44 3.11 1.26 6.81 0.41 9.73 3.46 2.6 0.66 5.55 3.45 6.17 3.46 0.33 8.56 1 7.79 6.74 9.77 0.35 8.87 9.6 3.48 2.93 2.6 1.24 1.75 6.02 4.7 6.58 5.17 9.62 8.05 7.89 1.25 5.94 6.07 7.12 8.52 7.05 7.6 4.98 1.51 7.8 9.17 4.77 0.87 5.8 8.72 5.15 3.47 8.71 3.9 9.56 5.27 6.24 2.93 3.59
5.62 7.22 4.3 4.91 0.90 4.3 7.49 2.18 3.23 6.47 6.58 5.6 7.17 6.01 5.59 6.4 9.92 7.58 4.6 9.76 4.03 1.82 4.83 7.15 5.08 2.14 2.61 4.31 2.48 1.66 2.34 0.61 7.51 3.62 4.05 7.52 3.98 0.94 4.98 3.86 0.040 4.06 4.63 5.79 7.53 5.15 4.25 6.06 3.29 0.52 5.1 7.31 6.67 6.7 8.49 5.8 7.25 5.71 4.27 6.86 7.82 7.83 9.06 9.31 6.7 4.5 3.46 6.31 7.2 1.99 3.07 7.53 6.41 7.84 5.03 5.39 6.75 7.39 6.78 5.39 9.85 4.98 8.59 0.64 5.16 3.95 4.33 8.78 0.41 6.29 1.43 8.89 5.53 9.73 8.82 6.28 7.97 3.29 7.03 8.06
8.82 4.74 8.88 8.53 0.81 4.52 1.21 1.83 5.53 3.08 9.51 0.050 1.8 1.73 1.84 9.18 7.56 3.9 4.51 0.37 2.96 8.57 0.15 6.8 3.67 5.88 8.78 7.31 0.55 9.13 5.88 8.2 9.81 3.25 4.01 1.39 4.8 6.62 7.72 3.11 5.12 3.13 3.68 9.44 8.28 5.23 5.41 3.39 9.28 7.32 6.21 7.74 8.62 0.38 1.61 8.43 2 3.26 2.8 6.96 9.36 3.28 4.99 3.66 2.96 2.41 9.03 3.71 2.33 6.57 4.4 7.03 8.69 6.74 4.35 7.42 6.81 3.73 9.88 5.25 7.91 6.1 4.82 5.24 4.19 8.83 4.27 3.9 7.52 4.82 2.01 1.75 5.59 1.17 8.94 8.2 2.74 2.78 2.4 5.39
6.7 1.53 3.92 8.74 7.78 6.1 5.26 0.42 9.8 1.39 7.23 7.67 3.37 0.91 4.98 1.62 9.81 4.3 5.52 3.27 3.07 5.85 6.23 9.6 2.27 1.43 8.07 2.62 6.09 3.2 4.59 7.72 2.34 0.84 1.12 3.5 9.94 6.03 0.61 0.040 6.79 6.94 6.8 4.27 7.82 1.03 9.54 9.28 7.57 1.65 7.34 9.01 7.62 0.040 1.58 5.57 1.58 4.51 3.34 8 7.4 8.18 5.3 3.45 6.81 2.64 0.13 3.2 2.08 6.99 3.07 6.06 6.01 8.41 7.1 7.4 9.31 4.54 9.94 5.03 3.51 0.78 0.76 3.15 5.94 4.26 0.30 0.50 3.24 1.61 6.21 8.21 0.67 5.09 3.86 1.89 2.93 4.35 9.6 5.91
1.91 3.42 7.7 2.71 9.06 0.60 3.26 1.07 5.5 4.76 4.01 8.49 1.88 2.56 5.18 7.16 2.35 9.57 8.06 9.74 1.06 3.74 2.32 7.76 5.35 0.53 4.62 0.95 7.78 3.3 8.61 1.96 0.97 5.13 4.25 1.52 6.05 4.74 2.63 8.16 5.66 8.91 5.68 0.34 1.91 9.97 2.09 8.99 2.89 2.81 2.3 1.39 8.76 1.43 5.09 8.4 3.71 5.78 3.67 6.61 2.54 1.74 9.1 6.93 3.94 8.92 1.33 7.96 2.17 4.6 2.76 0.39 10 4.21 5.56 4.45 8.29 5.1 7.58 0.66 5.02 2.42 0.91 8.55 2.77 4.67 5.11 3.08 0.67 7.55 7.76 1.82 5.82 7.56 7.28 7.52 3.49 3.51 3.06 2.32
3.69 6.08 3.97 2.09 5.34 3.16 5.47 6.17 3.31 3.63 8.32 9.17 3.22 8.59 9.95 5.78 5.29 5.73 7.01 3.66 5.94 2.22 5.28 6.08 2.9 6.84 0.91 4.51 5.12 2.05 6.61 8.96 3.85 8.33 6.14 4.97 9.45 3.57 6.52 6.39 4.79 4.91 6.52 9.3 4.29 3.59 1.17 8.51 6.07 2.6 0.22 7.95 8.72 8.63 6.04 2.05 8.63 0.75 7.95 5.2 7.2 6.77 5.79 7.17 3.92 5.87 3.89 3.02 9.77 1.58 1.39 1.96 1.3 7.04 2.56 8.51 1.79 9.29 2.76 2.31 2.56 0.26 2.01 0.10 5.93 4.25 9.64 3.21 9.24 7.94 2.47 0.98 4.76 1.1 9.13 2.22 8.76 8.78 1.55 1.02
4.61 1.92 8.09 5.65 1.1 7.73 3.99 9.4 6.2 7.89 1.35 9.87 4.04 9.12 8.55 4.34 0.52 8.5 8.73 3.1 2.83 2.19 7.25 9.49 0.69 6.09 5.65 6.41 0.28 7.68 3.54 6.85 5.01 9.05 9.89 8.09 4.91 4.76 1.34 4.49 3.21 8.06 4.92 9.25 0.15 6.26 6.47 2.57 7.67 5.48 1.39 1.9 1.73 2.77 1.62 6.22 6.85 0.58 0.39 3.32 6.94 8.76 7.76 8.01 2.07 9.39 8.41 6.08 3.82 4.22 1.67 3.31 2.94 4.82 0.76 4.95 9.5 4.51 9.55 1.18 5.1 8.47 7.79 2.03 5.86 4.56 2.76 4.62 0.55 2.92 3.7 0.32 6.62 0.34 9.05 4.17 0.94 0.070 5.56 6.45
9.82 7.39 7.56 6.41 8.26 6.97 4.16 3.55 3.61 7.81 0.61 5.06 5.49 7 9.63 8.85 7.57 2.77 0.53 1.21 1.56 5.23 6.08 0.60 0.85 2.2 1.88 1.33 9.91 0.70 3.48 6.57 5.71 7.24 2.2 6.33 4.38 6.72 6.39 2.45 6.02 3.27 3.99 3.59 3.26 3.94 1.09 2.86 8.47 5.42 7.7 0.29 8.51 5.32 6.36 1.75 6.35 3.01 7.27 9.35 7.74 7.58 6.62 5.94 7.25 6.19 2.14 4.62 6.36 5.97 4.94 6.43 4.77 8.21 5.9 9.49 2 6.38 4.12 9.9 0.79 0.15 4.08 8.81 1.22 6.96 7.44 4.89 0.68 5.08 3.42 0.11 7.87 4.42 0.82 7.91 2.07 6.97 7.91 9.81
1.57 2.43 3.78 4.18 3.39 1.26 1.81 4.11 7.57 6.69 0.85 2.72 0.49 7.26 6.79 3.94 6.02 6.23 2.2 9.16 0.010 4.34 5.89 2.69 0.69 4.07 5.32 4.53 5.01 9.51 2.54 9.91 9.77 3.83 3.55 6.89 7.73 9.6 3.85 8.04 9.14 5.5 4.78 2.6 1.35 0.080 9.84 7.8 9.02 7.89 9.7 1.28 9.6 5.23 8.44 2.9 1.42 5.22 8.73 2.47 7.48 2.3 4.7 0.98 8.2 2.51 9.36 2.93 0.47 3.23 0.87 2.18 1.3 4.38 6.75 7.98 2.18 4.6 2.17 0.71 0.56 5.51 8.28 2.19 0.79 0.96 1.17 7.07 5.74 2.38 4.57 9.68 1.91 1.3 0.34 4 3.03 3.39 4.44 1.02
8.56 9.18 2.17 2.06 2.94 1.31 2.56 9.85 4.14 1.34 1.64 1.01 5.53 2.3 4.04 1.79 8.58 5.89 4.6 1.36 2.84 7.42 4.34 9.87 4.1 6.3 3.56 6.53 3.32 1.59 9.53 0.34 4.93 2.99 2.67 6.4 7.45 0.90 7.66 8.24 6.83 3.89 0.67 7.87 4.51 5.46 2.49 7.02 5.96 8.7 3.87 1.34 7.71 5.68 7.83 0.19 0.80 5.62 2.86 5.12 3.19 3.59 2.2 5.6 9.27 1.03 9.7 8.33 2.33 8.31 9.27 0.77 2.29 8.6 5.89 1.34 0.090 5.54 6.3 0.61 6.35 1.2 1.48 3.18 0.33 7.34 7.7 3.68 4.4 1.93 1.71 8.89 9.62 9.72 5.73 0.46 3.52 3.05 9.96 1.88
6.45 2.7 7.91 9.48 7.47 0.93 0.21 9.46 4.93 0.22 3.25 5.08 2.75 5.77 9.35 6.34 9.89 9.64 9.59 3.33 5.51 0.71 2.45 7.73 1.24 5.56 3.15 8.27 1.74 2.87 2.99 4.25 4.01 6.92 2.92 7.3 4.43 7.98 6.53 8.53 9.47 8.97 4.12 5.12 5.73 5.1 6.07 4.93 0.69 7.88 9.94 1.29 8.76 3.34 2.65 7.02 8.77 2.42 6.57 7.41 5.11 3.64 6.03 0.44 5.15 5.47 3.76 5.71 8.75 1.23 1.49 9.81 1.82 0.090 5.34 2.38 3.01 0.42 0.15 6.62 6.17 5.88 7.33 3.44 1.69 1.31 7.66 9.42 0.28 8.09 7.46 0.50 5.36 9.41 0.10 2.02 7.27 6.49 4.37 0.10
3.77 7.66 9.5 0.83 0.11 0.080 9.24 6.77 6.95 5.6 3.02 5.86 2.42 8.11 4.8 6.25 9.3 0.86 7.91 8.98 8.71 8.48 4.29 4.76 4.44 1.28 7.27 3.09 6.26 6.88 1.59 4.9 9.95 8.81 1.89 8.6 0.54 5.91 3.82 4.68 1 6.77 9.7 5.63 7.93 2.47 8.17 9.68 2.19 9.7 3.27 9.36 0.68 4.14 3.15 9.53 4.21 9.13 2.32 2.55 7.74 2.68 1.85 7.58 1.94 4.43 9.85 0.71 4.61 2.52 1.61 2.07 6.73 9.97 4.73 1.28 2.75 8.03 0.44 3.45 0.82 6.23 1.5 8.01 5.25 4.97 5.41 2.69 0.50 0.67 0.98 6.71 9.15 9.34 1.99 0.43 8.87 9.22 3.05 8.39
1.91 1.89 3.28 1.06 0.49 4.24 6.54 9.89 9.73 3.01 0.12 7.63 2.44 4.04 2.32 3.28 4.1 5.01 4.52 5 0.43 6.8 0.11 6.81 8.99 1.7 5.16 4.03 5.76 1.42 3.62 5.84 2.61 9.25 0.23 6.27 0.88 9.13 3.01 9.71 5.12 8.29 7.81 6.85 4.2 0.46 8.31 4.77 8.7 1.81 1.38 2.74 6.47 4.15 1.84 7.5 4.88 8.26 6.22 8.46 5.73 3.38 1.98 6.6 6.03 6.92 1.23 2.67 0.040 9.38 7.18 9.84 3.26 2.76 3.24 5.35 5.87 6.72 1.81 1.29 6.1 7.48 8.39 5.72 8.42 2.6 1.7 7.46 2.39 1.96 8.91 9.77 6.46 9.84 0.21 6.4 0.52 8.94 2.47 4.82
4.29 2.88 6.72 1.43 6.68 6.56 9.33 7.67 3.28 9.4 5.4 0.83 1.55 9.89 3.97 8.03 0.010 5.22 3.34 6.16 9.05 1.37 6.09 4.17 3.54 0.010 7.91 8.85 7.51 5.13 7.42 0.84 6.66 0.82 4.5 1.81 7.98 1.02 3.41 8.42 1.11 1.11 7.3 0.93 5.33 8.42 4.9 9.95 4.15 9.31 3.85 9.43 3.25 9.84 4.48 7.57 4.61 4.45 0.76 5.39 9.54 0.87 8.62 6 1.99 7.6 7.61 1.71 4.65 6.56 6.75 6.11 7.91 0.34 4.31 0.57 3.97 2.01 2.01 6.38 5.45 3.1 5.46 8.14 3.07 5.92 9.31 9.1 1.28 9.75 0.83 2.21 1.54 6.94 7.93 2.52 0.79 9.98 9.61 4.69
4.83 0.92 4.39 1.67 6.04 7.23 1.64 3.37 8.38 9.81 0.96 6.62 9.57 0.90 7.06 10 5.41 0.91 0.60 5.84 1.31 8.59 9.58 3.81 1.21 4.19 2.05 7.01 1.54 7.22 7.06 6.61 9.65 4.83 2.44 5.74 6.56 2.94 9.19 0.79 5.46 2.8 7.66 8.73 9.26 0.49 7.61 4.91 6.62 0.46 5.63 6.39 6.41 0.58 3.27 5.43 5.16 9.83 9.67 9.11 1.72 4.52 1.26 2.27 4.11 4 5.8 5.61 8.25 7.53 3.59 2.48 5.47 1.53 7.65 4.69 1.87 0.15 7.2 7.47 8.56 9.17 9.62 0.87 1.92 2.28 2.09 5.85 6.31 5.76 7.82 0.85 0.53 7.03 1.91 4.2 0.15 0.73 2.23 9.09
1.21 5.77 8.34 6.21 5.27 5.32 9.22 6.63 7.4 2.87 1.47 5.17 9.36 3.21 5.59 9.81 2.08 9.05 7.41 6.99 8.34 2 0.96 2.14 5.7 4.89 6.79 2.42 3.57 9.29 7.01 0.53 6.72 1.29 8.69 1.64 0.33 0.52 4.57 2.38 6.89 7.68 7.57 9.43 9 3.17 9.16 5.04 7.84 2.41 6.34 8.73 8.8 3.97 2.8 2.83 2.72 5.79 6.1 3.51 9.08 4.55 6.46 7.14 8.54 5.68 6.22 2.03 8.72 8.11 0.91 5.18 2.31 4.8 9.97 9.83 3.93 7.64 4.43 8.06 6.43 7.83 0.76 1.93 0.66 9.56 0.20 9.07 4.77 5.84 8.49 3.59 0.16 3.72 9.53 1.72 1.94 1.3 3.96 4.18
5.9 6.84 7.69 5.74 7.3 1.09 7.95 2.45 9.55 8.01 6.32 1.72 8.19 5.12 7.57 1.28 2.2 8.85 5.07 0.30 8.01 6.08 0.36 3.83 8.76 1.6 0.53 7.6 1.44 7.33 0.070 5.57 3 2.53 5.29 9.07 5.58 5.05 4.43 8.18 1.48 2.17 8.44 0.97 5.45 7.84 9.01 7.69 2.48 0.090 5.42 3.68 3.74 7.92 9.32 2.45 2.32 2.35 3.84 9.36 7.53 0.30 4.38 7.25 4.3 2.06 4.9 4.93 3.02 0.49 0.090 7.13 6.87 8.89 2.66 6.83 1.55 5.68 8.46 2.7 2.72 1.02 9.34 6.3 9.47 0.64 6.02 0.57 1.1 9.51 4.51 7.34 1.97 0.65 7.71 8.85 0.27 9.82 2.25 5.45
2.27 5.47 1.68 0.53 7.08 6.32 5.78 2.96 0.32 8.97 8.6 9.39 7.29 0.61 9.96 2.33 3.26 4.39 2 5.28 9.18 5.44 8.87 0.30 3.49 6.67 8.02 2.91 8.51 7.5 3.75 7.13 5.32 8.84 9.15 0.78 7.2 7.69 4.55 4.06 7.78 0.35 7.71 8.46 9.02 9.73 2.15 3.89 5.55 6.72 3.15 2.37 7.67 5.95 4 2.87 9 8.11 0.31 9.28 2.87 6.38 6.13 3.45 9.26 9.44 2.21 7.3 2.37 4.15 3.73 2.6 0.50 2.84 7.93 8.71 8.33 6.55 3.9 4.34 1.07 2.82 3.6 0.64 2.45 1.84 6.08 5.57 4.36 1.01 6.06 6.03 5.28 4.44 8.17 3.42 4.69 0.91 2.71 7
3.85 4.26 8.62 9.32 7.82 1.27 4.41 6.81 3.57 5.98 9.75 5.91 1.76 7.26 9.63 0.24 0.96 7.82 4.28 0.33 1.38 1.63 2.47 4.73 0.42 0.18 6.79 2.78 3.38 4.08 9.02 4.88 0.020 1.97 9.74 3.39 1.11 2.83 9.46 4.67 4 4.37 9.79 9.1 0.52 5.87 5.48 4.54 2.3 9.05 1.6 1.88 1.69 3.1 3.8 9.64 9.09 4.52 8.58 5.88 6.28 0.60 7.38 0.33 3.74 5.13 1.45 9.55 8.32 7.26 7.89 1.15 5.73 7.85 1.35 4.97 1.5 6.35 8.38 4.02 0.61 9.08 0.67 7.43 6.26 6.25 4.69 0.030 9.02 8.79 3.55 4.52 1.48 5.43 4.27 2.06 2.44 6.87 4.19 0.80
5.83 6.45 9.9 7.29 2.88 1.35 2.58 5.28 6.63 8.85 5.71 4.41 3.61 5.57 5.36 6.08 7.48 1.49 1.69 8.28 5.05 0.060 0.090 3.34 1.43 1.2 9.47 0.070 2.76 2.4 3.19 6.18 8.84 1.22 5.86 5.81 2.17 2.26 2.2 9.52 8.99 9.37 1.12 0.12 8.09 7.79 7.85 1.33 0.070 5.73 1.53 5.46 5.2 9.02 5.93 2.31 6.04 2.5 6.04 1.02 4.63 1.7 3.04 8.44 6.99 2.77 6.36 7.63 4.38 1.4 4.48 5.5 9.94 1.71 0.36 2.88 6.8 7.35 7.49 6.09 6.22 1.12 9.66 6.04 2.07 2.92 5.97 1.54 5.66 8.92 7.6 9.13 0.74 5.41 3.01 7.96 9.2 9.29 9.98 5.1
2.52 6.48 5.15 7.38 6.93 0.99 7.52 4.12 2.82 9.44 9.97 9.42 1.89 5.3 9.64 1.11 7.49 6.2 7.52 3.4 4.05 7.72 8.15 9.76 0.77 9.53 0.92 3.75 0.070 5.21 5.98 2.14 4.05 5.44 1.19 4.76 8.12 3.32 8.83 9.66 3.08 2.63 3.97 5.24 3.35 7.28 1.95 7.59 7.67 1.56 1.37 2.56 6.28 0.94 0.69 5.38 3.66 9.56 8.48 3.67 1.3 6.85 0.43 7.71 5.89 2.3 8.03 0.81 5.08 6.33 1 2.19 3.63 7.32 4.54 1.84 7.51 8.88 5.84 7.71 7 7.9 6.5 7.99 2.42 1.38 7.24 4.08 7.31 2.15 5.9 0.040 5.55 7.87 6.81 0.25 7.16 1.42 9.12 4.87
2.91 6.8 8.85 0.64 5.57 1.43 2.29 6.03 2.31 5.5 5.54 6.56 0.020 8.3 1.16 4.08 5.44 2.61 3.69 8.47 1.74 7.65 1.41 5.56 7.41 9.76 9.09 4.37 8.02 2.2 2.98 6.46 3.02 3.15 9.27 8.06 1.39 4.54 0.20 7.66 0.62 5.7 4.93 6.51 2.29 6.51 7.47 5.66 0.22 5.03 7.1 3.06 7.14 3.2 2.06 2.06 5.99 1.43 5.05 2.76 5.5 5.55 8.36 5.1 1.01 9.53 6.7 9.39 1.86 2.47 8.06 3.13 5.59 2.47 5.63 9.62 0.15 6.66 1.61 9.42 2.75 1.03 4.21 1.61 7.44 1.89 4.09 2.34 9.81 1.67 6.12 5.11 9.82 6.02 8.59 0.40 4.89 8.85 5.51 8.56
6.18 6.36 5.89 8.61 3.97 1.69 0.65 7.51 7.12 7.29 5.16 4.52 3.17 8.59 0.52 8.85 3.39 4.46 9.42 2.47 5.76 4.22 8.8 8.47 4.57 0.31 5.1 3.05 4.98 8.43 1.26 3.81 9.51 3.83 5.94 5.31 8.82 7.38 3.42 5.75 2.2 3.6 2.59 3.86 8.23 6.65 4.76 6.49 3.94 5.68 4.65 0.16 3.07 8.87 7.24 4.35 6.69 5.13 0.080 2.67 9.7 0.070 3.7 7.07 4.13 6.9 4.72 9.75 1.52 8.4 6.6 9.74 9.28 0.82 2.31 7.57 1.43 1.21 5.29 1.32 4.22 7.68 5.97 7.38 1.57 9.57 5.98 5.36 5.89 6.47 8.44 1.45 1.63 9.48 8.72 5.3 0.79 0.20 5.97 6.15
2.66 9.46 1.55 9.35 0.62 1.97 7.68 5.84 6.25 5.77 3.31 8.4 7 7.9 3.05 5.49 8.33 8.44 0.18 5.82 6.07 0.57 0.96 4.09 6.69 4.94 6.15 2.91 5.38 6.63 3.89 1.04 4.61 7.92 8.84 2.28 9.24 5.1 7.67 9.16 0.83 0.27 0.37 6.5 3.49 9.39 5.84 7.99 2.53 1.89 1.14 5.88 2.64 6.58 5.76 1.43 8.95 9.72 9.2 2.27 4.43 2.89 6.62 7.92 9.25 7.08 9.45 6.08 9.07 8.37 4.53 3.1 2.6 8.53 1.45 9.51 0.31 7.14 4.63 2.56 3.66 6.63 3.48 7.58 8.24 2.97 4.26 3.12 5.04 1.81 4.57 5.05 1.57 6.32 8.98 9.34 5.31 3.43 0.80 1.18
8.25 2.09 2 9.85 7.81 3.18 6.72 5.52 5.91 0.26 4.31 5.33 6.26 3.18 5.81 3.7 5.53 1.97 8.3 9.38 2.15 5.86 3.53 4.63 7 8.63 3.17 2.43 8.71 8.17 8.18 3.78 2.88 8.4 4.25 7.1 0.13 3.83 3.43 4.96 9.51 5.01 9.75 7.63 1.66 5.36 2.61 2.21 2.05 3.25 7.01 9.63 9.17 6.85 2.01 3.76 0.88 6.49 4.11 0.020 5.91 3.77 8.96 3.31 0.56 6.57 5.92 9.58 9.93 4.54 5.34 9.47 8.33 6.87 6.78 6.72 8.09 4.48 3.8 3.79 0.83 7.74 2.18 8.82 0.94 2.38 1.22 7.09 5.32 1.17 8.83 5.69 1.64 8.79 8.44 6.03 6.67 2.39 5.77 6.07
9.83 7.1 4.07 8.59 3.38 3.17 7.16 5.84 6.61 4.47 4.92 5.54 5.44 4.53 5.31 2.09 9.58 3.04 6.27 0.48 5.2 1.75 5.94 8.27 5.72 2.43 0.78 9.37 7.23 7.94 9.82 2.63 0.85 6.81 6.08 1.49 3.78 9.06 6.19 1.67 0.17 8.28 7.27 5.76 0.29 3.99 0.85 8.58 6.63 7.17 1.8 8.5 6.16 4.74 8.44 7.94 5.4 6.15 7.33 8.94 1.11 1.47 2.75 9.14 3.85 7.79 2.27 3.31 3.91 3.95 5.27 4.11 1.76 9.59 3.55 1.87 0.48 6.41 0.94 9.94 0.70 9.32 0.38 4.3 9.8 6.61 3.5 5.88 6.07 3.66 4.94 6.43 0.79 1.23 4.86 6.02 6.08 9.85 8.99 1.65
7.31 2.37 7.49 7.86 6.08 2.18 6.43 5.12 0.48 6.47 0.72 6.81 4.4 7.53 9.02 4.41 8.93 4.84 5.39 0.54 9.9 7.29 5.86 9.92 6.29 8.35 8.51 8.61 6.69 4.7 8.62 2.42 5.83 4.17 0.71 6.59 1.68 9.66 4.54 3.26 1.15 2.59 1.48 6.32 9.56 6.71 2.99 9.05 9.15 5.53 8.04 0.080 0.94 1.42 4.24 8.13 4.29 4.7 1.52 4.54 2 0.75 9.98 5.77 2.41 5.81 6.84 9.02 8.27 9.62 6.3 0.11 8.8 9.86 5.11 2.9 6.67 6.49 2.6 3.41 1.21 1.77 1.54 1.88 6.54 0.050 5.47 2.4 7.65 4.03 6.23 2.07 7.19 8.14 4.89 6.44 4.2 8.47 4.64 4
3.44 1.2 8.26 5.14 7.42 2.52 4.2 0.83 3.49 5.22 8.88 3.68 2.88 1.1 5.41 9.57 3.57 3.38 6.51 0.21 4.9 5.35 6.68 5.24 8.78 8.14 1.45 3.98 1.79 3.1 0.84 6.23 1.54 6.43 9.25 6.34 5.41 6.29 0.11 2.97 0.13 0.46 1.48 2.79 6.81 4.41 9.18 2.93 0.070 1.43 5.14 6.35 6.28 9.51 5.45 9.04 6.18 5.78 8.16 5.79 1.63 4.61 8.35 2.88 2.28 5.04 3.21 0.010 9.55 0.090 6.47 3.11 2.8 5.35 6.95 0.59 4.57 6.79 3.36 9 6.78 0.21 3.74 3.04 2.85 0.79 1.28 0.65 6.01 0.90 5.63 3.41 4.47 9.78 0.66 9.22 1.11 7.95 3.99 5.33
5.85 6.08 7.9 1.78 1.05 8.93 3.91 7.2 4.52 3.73 0.65 2.4 5.02 1.1 4.32 1.25 5.47 7.99 7.27 6.82 6.95 2.54 6.49 9.26 6.63 6.29 3.71 4.8 5.51 6.88 3.38 5.23 0.74 2.15 6.43 2.3 1.02 1.33 6 5.59 2.17 2.47 7.05 8.4 8.61 1.33 4.71 7.26 7.47 3.81 5.49 3.6 1.93 8.83 5.28 5.41 5.59 9.12 9.1 3.16 0.37 3.71 7.92 2.67 3.58 8.79 7.49 4.84 8.94 3.99 1.92 1.56 8.5 9.06 5.96 0.45 8.03 0.59 3.76 2.38 2.19 8.34 8.77 3.21 8.68 3.1 0.82 0.040 7.23 6.84 7.22 3.28 5.11 2.32 4.57 2.2 8.17 9.01 1.05 8.76
1.08 4.51 3.19 3.99 1.28 7.04 8.17 9.97 2.41 9.38 4.37 5.79 7.62 2.7 5.43 4.71 3.47 9.88 0.95 5.99 4.12 9.18 4.34 7.4 8.76 0.030 6.23 5.65 9.6 9.87 2.37 4.14 5.81 6.18 1.05 1.83 0.40 6.19 6.02 0.68 0.12 6.61 3.81 4.27 9.4 4.4 2.7 3.4 8 3.97 2.08 1.15 7.77 4.38 1.86 8.18 2.26 3.77 7.78 9.95 2.73 8.25 6.57 8.91 9.25 3.93 9.99 1.48 8.42 4.88 8.02 9.95 8.07 4.77 5.07 2.8 3.59 2.24 1.47 2.21 2.38 4.74 4.42 4.43 0.31 2.24 2.9 1.9 4.36 5.47 5.47 6.15 6.06 9.13 5.96 8.85 2.5 7.81 6.53 6.6
9.07 4.59 5.35 1.34 5.5 5.56 3.18 3.55 7.16 8.3 8.27 8.67 7.63 5.25 7.13 8.57 6.23 1.6 8.78 1.15 0.35 7.59 1.4 5.68 4.68 3.8 9.98 4.9 5.97 7.7 3.18 2.18 2.88 6.76 7.01 1.67 9.34 3.84 6.5 0.69 6.43 3.3 0.77 6.32 6.81 5.48 7.63 2.73 9.08 5.77 7.85 5.41 8.65 8.35 0.82 7.09 1.05 2.29 7.58 9.84 2.31 5.38 5.44 3.67 5.03 2.43 2.7 3.15 6.84 6.19 1.97 4.51 1.9 8.9 7.77 1.71 0.26 1.68 3.17 9.92 0.090 1.09 6.38 3.62 7.61 6.96 6.77 4.92 6.47 9.86 7.85 5.92 8.84 6.77 1.11 0.49 5.1 8.37 9.92 7.88
8.8 6.62 0.90 0.31 4.86 1.85 8.15 9.72 8.57 8.5 3.95 4.07 5.77 9.73 0.17 0.44 7.97 2.37 0.15 7.97 2.93 8.88 7.52 9.69 1.42 9.05 5.18 2.7 8.09 8.3 9.85 8.59 3.62 6.02 3.96 1.5 9.72 9.92 3.43 1.67 5.17 6.6 4.11 8.34 9.18 3.96 7.73 1.71 9.75 0.20 5.27 4.17 3.34 3.26 4.65 0.44 0.10 4.24 4.06 9.65 3.59 8.18 3.87 1.51 8.04 2.82 9.32 1.72 1.72 0.71 4.12 5.46 9.79 0.24 6.86 6.78 2.19 9.29 2.82 9.52 7.28 0.90 3.88 6.26 8.97 7.01 4.58 6.17 1.77 2.13 4.47 6.88 1.22 7.26 3.44 8.13 8.05 3.22 6.79 1.27
8.18 7.71 1.12 9.4 8.91 2.13 7.9 3.47 2.82 3.73 6.14 1.13 7.48 7.11 8.01 6.92 7.46 7.03 2.95 6.18 8.02 0.69 2.42 8.25 0.69 6.81 9.91 9.9 9.85 7.07 5.49 8.62 7.25 3.47 0.85 2.03 3.61 2.87 4.94 9.48 2.46 0.14 1.43 2.71 2.57 3.99 0.22 6.65 1.2 5.78 5.72 5.18 1.36 3.68 0.31 1.46 0.60 2.74 7.02 6.67 1.35 4.61 8.23 9.47 3.51 9.05 6.97 5.93 2.38 1.43 2.36 2.63 2.54 1.29 3.2 9.03 7.11 5.16 8.21 6.39 5.62 1.16 8.38 9.39 6.19 8.52 5 1.23 8.77 9.19 9.12 1.67 2.91 6.86 2.65 0.33 5.1 7.43 4.29 5.25
2.61 3.51 1.37 3.02 7.99 0.78 8.53 8.87 7.32 5.94 8.19 4.44 6.46 3.12 1.43 9.79 1.26 3.76 1.8 0.71 3.47 1.84 6.51 9.6 7.15 3.79 2.27 1.84 8.86 5.96 7.5 2.84 8.59 3.65 2.15 9.55 6.45 7.07 7.02 8.12 1.94 7.19 7.99 4.01 8.86 7.52 8.8 5.36 5.19 9.33 4.23 8.87 7.66 7.95 4.35 2.34 3.23 4.45 5.66 7.27 9.99 0.15 5.96 6.51 4.59 7.03 0.96 6.58 4.35 6.55 2.73 8.83 7.79 7.41 8.33 3.52 5.49 6.74 3.43 5.05 5.52 1.68 7.67 2.87 7.21 5.6 0.59 1.34 2.52 6.66 0.87 6.53 0.63 7.97 5.81 4.16 3.03 6.65 6.55 9
5.95 6.63 6.79 2.96 7.35 9.14 5.06 4.55 1.38 8.73 8.87 3.01 1.24 2.92 4.79 2.84 8.23 9.74 9.27 0.70 0.84 7.38 8.58 6.47 3.08 6.32 3.99 8.62 2.14 7.53 8.42 6.16 3.48 1.72 2.49 0.16 0.68 5.36 8.88 7.11 0.91 3.92 9.31 5.55 9.21 5.23 7.99 8.3 8.22 1.07 7.22 1.5 3.19 1 5.58 2.47 7.8 6.28 5.85 3.35 5.14 0.050 7.82 9.83 9.52 8.54 2.46 3.49 0.26 2.19 0.090 1.04 8.11 3.92 6.61 1.01 8.7 6.68 8.73 3.59 7.43 9.73 1.26 2.45 4.64 5.71 0.74 3.15 3.57 7.44 9.99 7.69 1.44 5.3 4.36 5.95 8.62 2.9 5.89 1.1
0.23 4.17 4.96 3.33 0.52 7.07 6.36 4.14 8.37 9.34 9.32 4.02 5.05 8.51 2.57 1.34 0.26 9.73 0.69 1.37 5.12 6.97 0.85 3.8 6.72 2.44 6.97 0.33 0.35 4.97 1.67 7.8 9.62 7.96 2.27 9.58 2.08 1.94 0.56 9.71 3.69 0.34 0.050 4.44 3.01 4.91 3.25 2.68 6.38 7.33 0.74 4.35 2.53 9.52 6.39 1.71 3.36 5.35 3.45 5.23 3.88 1.67 9.88 1.94 1.33 3.79 9.35 0.54 2.69 1.2 9.29 8.24 4.98 3.94 5.88 7.94 7.39 0.82 2.69 7.69 8.25 2.87 0.93 9.21 7.59 5.31 3.38 0.88 3.04 3.79 7.28 3.96 0.68 7.55 4.16 1.97 0.58 3.38 7.46 6.35
4.26 8.42 1.9 4.68 0.73 5.58 9.51 2.18 1.39 6.69 1.91 8.34 3.48 9.12 3.7 6.86 4.15 6.44 5.82 7.89 3.67 7.77 9.73 4.77 6.53 5.72 0.65 3.32 4.52 8.66 9.04 9.55 9.54 4.93 7.04 0.26 0.40 6.9 0.99 9.99 0.080 4.07 6.51 0.91 0.74 0.89 6.7 1.77 9.54 9.71 5.95 0.60 2.01 0.020 0.35 2.36 6.2 3.86 7.05 2.74 2.5 3.66 7.89 8.29 0.71 6.34 4.8 0.48 9.81 0.44 5.21 4.28 9.16 6.02 0.20 4.69 1.04 2.26 7.76 7.85 3.94 6 6.61 9.27 0.080 8.59 3.37 4.09 9.68 4.75 5.59 3.97 1.86 5.04 0.55 7.97 7.31 9.09 6.41 0.81
3.13 8.33 4.96 6.49 0.89 3.14 4.44 1.26 5.89 2.07 2.59 4.04 0.93 6.4 6.62 9.1 7.32 8.61 6.38 0.93 7.4 5.02 0.32 9.12 5.32 9.82 7.48 7.49 0.14 0.69 1.06 9.2 2.07 3.55 7.55 9.72 4.7 0.51 6.5 9.88 6.03 7.17 6.79 7.45 7.68 2.51 2.97 4.32 9.47 6.09 8.62 3.82 0.70 2.96 7.1 2.76 9.93 8.74 1.61 7.19 3.65 7.19 8.53 4.94 7.07 0.32 8.83 0.56 3.13 1.66 4.65 9.21 1.01 0.24 8.37 6.88 9.72 2.85 6.1 0.29 1.36 8.53 3.78 3.1 1.94 4.47 9.85 2.83 1.93 1.07 1.43 6.93 7.69 9.08 2.6 2.11 9.01 0.33 5.04 4.12
1.62 2.57 1.48 0.26 7.99 1.67 0.61 3.09 3.67 6.54 8.98 3.91 1.48 2.56 1.7 6.11 7.82 4.02 6.52 2.38 5.25 4.26 8.36 0.15 7.16 8.5 4.21 6.45 4.74 9.69 7.46 3.85 7.69 7.76 5.48 2.98 1.51 1.85 7.65 1.51 4.79 9.22 2.54 0.33 0.85 4.48 9.3 4.76 9.67 7.2 4.49 7.23 5.52 0.49 1.7 9.52 6.49 3.01 0.020 7.79 4 1.6 4.86 5.91 9.32 9.21 7.8 0.72 5.72 5.12 5.24 5.29 1.36 3.88 1.14 6.84 7.39 9.14 0.18 0.53 1.96 2.45 1.08 0.77 0.92 3.84 7.52 6.31 0.98 8.84 8.38 2.38 8.98 1.24 2.45 1.75 4.65 6.97 9.39 7.13
1.79 6.14 0.55 8.43 9.44 6.23 8.67 7.27 8.07 0.73 5.94 3.61 1.99 0.89 2.79 9 3.68 6.32 8.65 2.44 8.05 6.12 8.36 1.57 5.05 2.84 8.12 1.7 9.52 0.99 7.3 1.63 6.16 2.37 5.54 5.26 9.92 0.46 9.88 9.59 3.09 9.85 8.44 4.3 7.29 6.38 2.82 7.86 0.68 3.03 6.53 0.96 4.04 4.43 5.94 3.47 5.4 4.01 5.63 0.82 9.27 2.79 8.74 0.45 1.09 4.7 0.19 0.16 6.12 8.68 3.37 8.71 8.59 0.57 8.41 4.22 0.14 2.3 7.02 3.24 7.21 7.28 6.24 7.81 1.68 5.96 6.47 2.2 6.94 4.46 7.26 9.49 5.19 8.53 7.1 6.14 4.7 2.09 6.06 1.01
4.23 5.83 8.51 5.6 6.84 9.88 6.32 7.83 5.04 4.07 5.04 1.41 6.73 8.39 1.99 1.94 7.45 9.86 0.56 1.05 8.17 8.56 0.50 4.72 4.88 6.83 3.8 9.53 2.49 5.47 7.18 7.97 9.19 8.45 6.31 8.63 4.28 8.86 1.26 5.31 7.45 9.84 2.94 0.38 4.48 7.1 1.69 1.31 4.38 4.6 3.04 6.68 7.51 7.9 6.09 2.98 2.33 5.18 5.47 2.22 4.96 6.45 3.34 5.65 6.52 5.2 7.71 9.74 9.02 7.67 3.33 3.53 0.19 6.9 3.38 6.6 6.8 2.49 0.16 8 6.7 4.01 6.22 1.31 9.43 3.06 8.83 6.55 0.97 6.69 4.18 1.36 8.45 1.76 6.59 9.42 1.54 8.25 6.39 8.1
0.95 5.41 5.61 8.55 1.33 1.71 3.56 6.94 4.9 6.67 6.13 2.61 4.32 5.85 1.96 7.55 8.93 5.6 8.17 8.59 1.9 6.71 5.46 5.43 4.98 3.59 3.2 5.44 3.87 4.03 1.34 1.14 6.03 8.17 9.86 8.97 9.56 8.4 3.65 0.75 8.4 8.97 0.27 9.76 6.52 9.93 7.46 0.52 3.21 0.49 6.08 2.97 4.88 9.14 7.73 4.05 7.4 0.62 5.51 2.04 6.1 2.88 2.06 6.34 1.47 7.67 6.86 7.35 3.97 1.35 9.89 4.01 7.29 5.21 4.3 6.34 4.86 6.77 6.84 6.31 0.60 3.11 9.12 4.62 8.5 1.02 5.12 1.94 2 7.29 2.74 5.12 2.29 7.65 1.2 6.62 9.62 2.19 7.03 6.38
5.99 8.7 9.3 3.48 7.23 2.58 9.98 0.10 8.78 9.34 8.2 0.87 6.95 9.49 3.27 3.47 2.43 9.34 5.29 6.99 1.24 5.24 9.44 0.60 9.36 9.87 9.87 2.52 4.32 1.08 4.46 1.59 7.03 8.47 6.35 1.9 7.25 1.19 6.77 3.12 2.63 8.66 0.94 5.23 1.7 9.33 4.78 6.28 1.35 3.86 2.79 5.99 3.85 5.34 0.57 3.03 8.89 2.32 6.95 6.25 0.050 3.22 4.95 4.99 6.94 3.37 8.68 7.53 6.93 0.65 4.74 5.98 8.17 0.77 7.94 5.26 0.35 6.49 8.78 9.83 3.85 6.54 6.07 4.41 1.38 3.72 3.77 0.95 6.08 2.86 3.15 0.42 4.29 4.6 1.3 2.15 8.77 1 8.61 8.99
4.71 2.65 6.97 4.47 1.11 3.97 2.25 8.44 3.54 8.11 5.32 4.3 2.57 0.62 8.81 4.19 1.3 7.21 6.95 7.34 8.21 2.99 3.22 6.59 3.9 0.84 7.19 5.79 8.31 7.25 5.09 3.56 7.44 3.71 6.01 6.61 5.81 4.11 3.76 8.96 5.15 8.01 7.98 9.1 5.32 0.93 6.54 0.30 1.35 3.62 8 1.52 0.62 8.05 8.55 7.58 8.6 1.19 9.28 7.26 5.88 1.56 0.32 0.60 6.26 6.26 5.81 0.34 2.05 6.73 7.47 9.12 1.17 4.07 1.42 1.92 1.15 7.04 4.32 1.59 4.92 3.92 4.86 6.06 6.61 2.23 8.84 9.19 7.1 5.94 5.82 3.13 3.69 6.07 0.78 9.14 4.89 6.2 3.8 6.22
6.96 3.19 5.83 0.55 1.18 0.74 6.53 9.23 4.5 4.85 2.03 2.58 0.10 5.85 4.72 1.56 2.26 4.85 2.13 6.51 6.38 7.04 8.07 8.9 1.18 2.51 4.14 9.16 8.25 6.14 5.31 8.48 3.86 3.84 9.1 9.42 5.41 1.21 8.64 8.35 4.47 5.55 7.12 3.84 6.34 9.54 9.67 1.37 8.06 2.88 7.97 4.37 2.14 5.63 3.85 3.6 5.98 0.99 9.45 8.35 7.78 3.88 8.28 5.16 0.44 3.27 6.27 1.18 0.63 4.83 6.7 1.33 4.89 4.31 6.09 5.12 0.77 8.38 6.32 6.17 7.75 1.2 5.77 1.28 0.39 6.44 2.46 5.59 8.91 3.71 6.9 3.22 6.97 3.65 7.36 3.81 4.08 1.04 7.13 4.15
